\begin{tabular}{lrrrrrrrrrrrrrrrrrrr}
\toprule
feature & async_declarations & await_declarations & const_declarations & class_declarations & arrow_function_declarations & let_declarations & export_declarations & import_statements & promise_declarations & promise_all_and_then & default_parameters & rest_statements & spread_arguments & array_destructuring & object_destructuring & optional_chain & template_string_expressions & files & statements \\
feature &  &  &  &  &  &  &  &  &  &  &  &  &  &  &  &  &  &  &  \\
\midrule
async_declarations & 1.00 & 0.96 & 0.97 & 0.96 & 0.84 & 0.98 & 0.99 & 0.98 & 0.99 & 0.90 & 0.98 & 0.98 & 0.99 & 0.99 & 0.97 & 0.84 & 0.99 & 0.85 & 0.86 \\
await_declarations & 0.96 & 1.00 & 0.99 & 0.99 & 0.67 & 0.95 & 0.95 & 0.95 & 0.95 & 0.76 & 0.99 & 0.92 & 0.97 & 0.98 & 0.99 & 0.94 & 0.98 & 0.70 & 0.70 \\
const_declarations & 0.97 & 0.99 & 1.00 & 0.99 & 0.70 & 0.97 & 0.96 & 0.96 & 0.96 & 0.80 & 0.99 & 0.94 & 0.98 & 0.98 & 1.00 & 0.91 & 0.99 & 0.72 & 0.73 \\
class_declarations & 0.96 & 0.99 & 0.99 & 1.00 & 0.69 & 0.96 & 0.95 & 0.96 & 0.94 & 0.77 & 0.99 & 0.92 & 0.97 & 0.98 & 0.99 & 0.92 & 0.98 & 0.71 & 0.71 \\
arrow_function_declarations & 0.84 & 0.67 & 0.70 & 0.69 & 1.00 & 0.80 & 0.80 & 0.78 & 0.84 & 0.92 & 0.72 & 0.84 & 0.79 & 0.79 & 0.71 & 0.49 & 0.75 & 1.00 & 1.00 \\
let_declarations & 0.98 & 0.95 & 0.97 & 0.96 & 0.80 & 1.00 & 0.98 & 0.97 & 0.98 & 0.89 & 0.98 & 0.98 & 0.99 & 0.97 & 0.97 & 0.83 & 0.99 & 0.81 & 0.83 \\
export_declarations & 0.99 & 0.95 & 0.96 & 0.95 & 0.80 & 0.98 & 1.00 & 0.99 & 0.99 & 0.91 & 0.97 & 0.99 & 0.99 & 0.98 & 0.97 & 0.79 & 0.99 & 0.81 & 0.83 \\
import_statements & 0.98 & 0.95 & 0.96 & 0.96 & 0.78 & 0.97 & 0.99 & 1.00 & 0.98 & 0.88 & 0.97 & 0.98 & 0.99 & 0.98 & 0.98 & 0.80 & 0.99 & 0.79 & 0.80 \\
promise_declarations & 0.99 & 0.95 & 0.96 & 0.94 & 0.84 & 0.98 & 0.99 & 0.98 & 1.00 & 0.92 & 0.97 & 0.99 & 0.99 & 0.98 & 0.96 & 0.81 & 0.98 & 0.85 & 0.86 \\
promise_all_and_then & 0.90 & 0.76 & 0.80 & 0.77 & 0.92 & 0.89 & 0.91 & 0.88 & 0.92 & 1.00 & 0.82 & 0.94 & 0.89 & 0.84 & 0.80 & 0.55 & 0.86 & 0.91 & 0.93 \\
default_parameters & 0.98 & 0.99 & 0.99 & 0.99 & 0.72 & 0.98 & 0.97 & 0.97 & 0.97 & 0.82 & 1.00 & 0.95 & 0.98 & 0.99 & 0.99 & 0.90 & 0.99 & 0.74 & 0.75 \\
rest_statements & 0.98 & 0.92 & 0.94 & 0.92 & 0.84 & 0.98 & 0.99 & 0.98 & 0.99 & 0.94 & 0.95 & 1.00 & 0.99 & 0.96 & 0.95 & 0.76 & 0.97 & 0.84 & 0.86 \\
spread_arguments & 0.99 & 0.97 & 0.98 & 0.97 & 0.79 & 0.99 & 0.99 & 0.99 & 0.99 & 0.89 & 0.98 & 0.99 & 1.00 & 0.99 & 0.98 & 0.84 & 1.00 & 0.80 & 0.81 \\
array_destructuring & 0.99 & 0.98 & 0.98 & 0.98 & 0.79 & 0.97 & 0.98 & 0.98 & 0.98 & 0.84 & 0.99 & 0.96 & 0.99 & 1.00 & 0.99 & 0.87 & 0.99 & 0.80 & 0.81 \\
object_destructuring & 0.97 & 0.99 & 1.00 & 0.99 & 0.71 & 0.97 & 0.97 & 0.98 & 0.96 & 0.80 & 0.99 & 0.95 & 0.98 & 0.99 & 1.00 & 0.90 & 0.99 & 0.72 & 0.73 \\
optional_chain & 0.84 & 0.94 & 0.91 & 0.92 & 0.49 & 0.83 & 0.79 & 0.80 & 0.81 & 0.55 & 0.90 & 0.76 & 0.84 & 0.87 & 0.90 & 1.00 & 0.87 & 0.53 & 0.52 \\
template_string_expressions & 0.99 & 0.98 & 0.99 & 0.98 & 0.75 & 0.99 & 0.99 & 0.99 & 0.98 & 0.86 & 0.99 & 0.97 & 1.00 & 0.99 & 0.99 & 0.87 & 1.00 & 0.77 & 0.78 \\
files & 0.85 & 0.70 & 0.72 & 0.71 & 1.00 & 0.81 & 0.81 & 0.79 & 0.85 & 0.91 & 0.74 & 0.84 & 0.80 & 0.80 & 0.72 & 0.53 & 0.77 & 1.00 & 1.00 \\
statements & 0.86 & 0.70 & 0.73 & 0.71 & 1.00 & 0.83 & 0.83 & 0.80 & 0.86 & 0.93 & 0.75 & 0.86 & 0.81 & 0.81 & 0.73 & 0.52 & 0.78 & 1.00 & 1.00 \\
\bottomrule
\end{tabular}
